{
 "cells": [
  {
   "cell_type": "code",
   "execution_count": 42,
   "metadata": {},
   "outputs": [],
   "source": [
    "import pandas as pd\n",
    "import plotly.express as px\n",
    "import plotly.graph_objects as go\n",
    "pd.set_option('display.max_columns', None)\n",
    "data = pd.read_excel('nba_player_data.xlsx')\n"
   ]
  },
  {
   "cell_type": "code",
   "execution_count": 43,
   "metadata": {},
   "outputs": [
    {
     "data": {
      "text/html": [
       "<div>\n",
       "<style scoped>\n",
       "    .dataframe tbody tr th:only-of-type {\n",
       "        vertical-align: middle;\n",
       "    }\n",
       "\n",
       "    .dataframe tbody tr th {\n",
       "        vertical-align: top;\n",
       "    }\n",
       "\n",
       "    .dataframe thead th {\n",
       "        text-align: right;\n",
       "    }\n",
       "</style>\n",
       "<table border=\"1\" class=\"dataframe\">\n",
       "  <thead>\n",
       "    <tr style=\"text-align: right;\">\n",
       "      <th></th>\n",
       "      <th>Year</th>\n",
       "      <th>Season_type</th>\n",
       "      <th>PLAYER_ID</th>\n",
       "      <th>RANK</th>\n",
       "      <th>PLAYER</th>\n",
       "      <th>TEAM_ID</th>\n",
       "      <th>TEAM</th>\n",
       "      <th>GP</th>\n",
       "      <th>MIN</th>\n",
       "      <th>FGM</th>\n",
       "      <th>FGA</th>\n",
       "      <th>FG_PCT</th>\n",
       "      <th>FG3M</th>\n",
       "      <th>FG3A</th>\n",
       "      <th>FG3_PCT</th>\n",
       "      <th>FTM</th>\n",
       "      <th>FTA</th>\n",
       "      <th>FT_PCT</th>\n",
       "      <th>OREB</th>\n",
       "      <th>DREB</th>\n",
       "      <th>REB</th>\n",
       "      <th>AST</th>\n",
       "      <th>STL</th>\n",
       "      <th>BLK</th>\n",
       "      <th>TOV</th>\n",
       "      <th>PF</th>\n",
       "      <th>PTS</th>\n",
       "      <th>EFF</th>\n",
       "      <th>AST_TOV</th>\n",
       "      <th>STL_TOV</th>\n",
       "    </tr>\n",
       "  </thead>\n",
       "  <tbody>\n",
       "    <tr>\n",
       "      <th>4062</th>\n",
       "      <td>2018-19</td>\n",
       "      <td>Playoffs</td>\n",
       "      <td>203468</td>\n",
       "      <td>6</td>\n",
       "      <td>CJ McCollum</td>\n",
       "      <td>1610612757</td>\n",
       "      <td>POR</td>\n",
       "      <td>16</td>\n",
       "      <td>635</td>\n",
       "      <td>154</td>\n",
       "      <td>350</td>\n",
       "      <td>0.440</td>\n",
       "      <td>46</td>\n",
       "      <td>117</td>\n",
       "      <td>0.393</td>\n",
       "      <td>41</td>\n",
       "      <td>56</td>\n",
       "      <td>0.732</td>\n",
       "      <td>14</td>\n",
       "      <td>66</td>\n",
       "      <td>80</td>\n",
       "      <td>59</td>\n",
       "      <td>13</td>\n",
       "      <td>10</td>\n",
       "      <td>30</td>\n",
       "      <td>34</td>\n",
       "      <td>395</td>\n",
       "      <td>316</td>\n",
       "      <td>1.97</td>\n",
       "      <td>0.43</td>\n",
       "    </tr>\n",
       "    <tr>\n",
       "      <th>6842</th>\n",
       "      <td>2022-23</td>\n",
       "      <td>Regular%20Season</td>\n",
       "      <td>203939</td>\n",
       "      <td>227</td>\n",
       "      <td>Dwight Powell</td>\n",
       "      <td>1610612742</td>\n",
       "      <td>DAL</td>\n",
       "      <td>76</td>\n",
       "      <td>1458</td>\n",
       "      <td>197</td>\n",
       "      <td>269</td>\n",
       "      <td>0.732</td>\n",
       "      <td>0</td>\n",
       "      <td>5</td>\n",
       "      <td>0.000</td>\n",
       "      <td>112</td>\n",
       "      <td>168</td>\n",
       "      <td>0.667</td>\n",
       "      <td>149</td>\n",
       "      <td>165</td>\n",
       "      <td>314</td>\n",
       "      <td>69</td>\n",
       "      <td>48</td>\n",
       "      <td>26</td>\n",
       "      <td>65</td>\n",
       "      <td>209</td>\n",
       "      <td>506</td>\n",
       "      <td>770</td>\n",
       "      <td>1.06</td>\n",
       "      <td>0.74</td>\n",
       "    </tr>\n",
       "    <tr>\n",
       "      <th>359</th>\n",
       "      <td>2013-14</td>\n",
       "      <td>Regular%20Season</td>\n",
       "      <td>2045</td>\n",
       "      <td>360</td>\n",
       "      <td>Hedo Turkoglu</td>\n",
       "      <td>1610612746</td>\n",
       "      <td>LAC</td>\n",
       "      <td>38</td>\n",
       "      <td>392</td>\n",
       "      <td>42</td>\n",
       "      <td>109</td>\n",
       "      <td>0.385</td>\n",
       "      <td>22</td>\n",
       "      <td>50</td>\n",
       "      <td>0.440</td>\n",
       "      <td>9</td>\n",
       "      <td>18</td>\n",
       "      <td>0.500</td>\n",
       "      <td>11</td>\n",
       "      <td>78</td>\n",
       "      <td>89</td>\n",
       "      <td>33</td>\n",
       "      <td>19</td>\n",
       "      <td>10</td>\n",
       "      <td>16</td>\n",
       "      <td>50</td>\n",
       "      <td>115</td>\n",
       "      <td>174</td>\n",
       "      <td>2.06</td>\n",
       "      <td>1.19</td>\n",
       "    </tr>\n",
       "    <tr>\n",
       "      <th>193</th>\n",
       "      <td>2013-14</td>\n",
       "      <td>Regular%20Season</td>\n",
       "      <td>202708</td>\n",
       "      <td>194</td>\n",
       "      <td>Norris Cole</td>\n",
       "      <td>1610612748</td>\n",
       "      <td>MIA</td>\n",
       "      <td>82</td>\n",
       "      <td>2014</td>\n",
       "      <td>207</td>\n",
       "      <td>500</td>\n",
       "      <td>0.414</td>\n",
       "      <td>60</td>\n",
       "      <td>174</td>\n",
       "      <td>0.345</td>\n",
       "      <td>53</td>\n",
       "      <td>68</td>\n",
       "      <td>0.779</td>\n",
       "      <td>17</td>\n",
       "      <td>143</td>\n",
       "      <td>160</td>\n",
       "      <td>248</td>\n",
       "      <td>77</td>\n",
       "      <td>5</td>\n",
       "      <td>127</td>\n",
       "      <td>156</td>\n",
       "      <td>527</td>\n",
       "      <td>582</td>\n",
       "      <td>1.95</td>\n",
       "      <td>0.61</td>\n",
       "    </tr>\n",
       "    <tr>\n",
       "      <th>3082</th>\n",
       "      <td>2017-18</td>\n",
       "      <td>Regular%20Season</td>\n",
       "      <td>1628395</td>\n",
       "      <td>306</td>\n",
       "      <td>Jordan Bell</td>\n",
       "      <td>1610612744</td>\n",
       "      <td>GSW</td>\n",
       "      <td>57</td>\n",
       "      <td>809</td>\n",
       "      <td>116</td>\n",
       "      <td>185</td>\n",
       "      <td>0.627</td>\n",
       "      <td>0</td>\n",
       "      <td>4</td>\n",
       "      <td>0.000</td>\n",
       "      <td>30</td>\n",
       "      <td>44</td>\n",
       "      <td>0.682</td>\n",
       "      <td>60</td>\n",
       "      <td>147</td>\n",
       "      <td>207</td>\n",
       "      <td>102</td>\n",
       "      <td>35</td>\n",
       "      <td>56</td>\n",
       "      <td>51</td>\n",
       "      <td>92</td>\n",
       "      <td>262</td>\n",
       "      <td>528</td>\n",
       "      <td>2.00</td>\n",
       "      <td>0.69</td>\n",
       "    </tr>\n",
       "    <tr>\n",
       "      <th>1946</th>\n",
       "      <td>2015-16</td>\n",
       "      <td>Playoffs</td>\n",
       "      <td>202334</td>\n",
       "      <td>86</td>\n",
       "      <td>Ed Davis</td>\n",
       "      <td>1610612757</td>\n",
       "      <td>POR</td>\n",
       "      <td>11</td>\n",
       "      <td>205</td>\n",
       "      <td>21</td>\n",
       "      <td>40</td>\n",
       "      <td>0.525</td>\n",
       "      <td>0</td>\n",
       "      <td>2</td>\n",
       "      <td>0.000</td>\n",
       "      <td>19</td>\n",
       "      <td>33</td>\n",
       "      <td>0.576</td>\n",
       "      <td>26</td>\n",
       "      <td>49</td>\n",
       "      <td>75</td>\n",
       "      <td>14</td>\n",
       "      <td>2</td>\n",
       "      <td>7</td>\n",
       "      <td>10</td>\n",
       "      <td>33</td>\n",
       "      <td>61</td>\n",
       "      <td>116</td>\n",
       "      <td>1.40</td>\n",
       "      <td>0.20</td>\n",
       "    </tr>\n",
       "    <tr>\n",
       "      <th>1735</th>\n",
       "      <td>2015-16</td>\n",
       "      <td>Regular%20Season</td>\n",
       "      <td>1626202</td>\n",
       "      <td>351</td>\n",
       "      <td>Joe Young</td>\n",
       "      <td>1610612754</td>\n",
       "      <td>IND</td>\n",
       "      <td>41</td>\n",
       "      <td>384</td>\n",
       "      <td>62</td>\n",
       "      <td>169</td>\n",
       "      <td>0.367</td>\n",
       "      <td>10</td>\n",
       "      <td>46</td>\n",
       "      <td>0.217</td>\n",
       "      <td>20</td>\n",
       "      <td>25</td>\n",
       "      <td>0.800</td>\n",
       "      <td>6</td>\n",
       "      <td>44</td>\n",
       "      <td>50</td>\n",
       "      <td>65</td>\n",
       "      <td>15</td>\n",
       "      <td>0</td>\n",
       "      <td>33</td>\n",
       "      <td>30</td>\n",
       "      <td>154</td>\n",
       "      <td>139</td>\n",
       "      <td>1.97</td>\n",
       "      <td>0.46</td>\n",
       "    </tr>\n",
       "    <tr>\n",
       "      <th>2689</th>\n",
       "      <td>2016-17</td>\n",
       "      <td>Playoffs</td>\n",
       "      <td>203477</td>\n",
       "      <td>128</td>\n",
       "      <td>Isaiah Canaan</td>\n",
       "      <td>1610612741</td>\n",
       "      <td>CHI</td>\n",
       "      <td>3</td>\n",
       "      <td>95</td>\n",
       "      <td>13</td>\n",
       "      <td>26</td>\n",
       "      <td>0.500</td>\n",
       "      <td>5</td>\n",
       "      <td>14</td>\n",
       "      <td>0.357</td>\n",
       "      <td>4</td>\n",
       "      <td>6</td>\n",
       "      <td>0.667</td>\n",
       "      <td>0</td>\n",
       "      <td>4</td>\n",
       "      <td>4</td>\n",
       "      <td>4</td>\n",
       "      <td>3</td>\n",
       "      <td>0</td>\n",
       "      <td>5</td>\n",
       "      <td>6</td>\n",
       "      <td>35</td>\n",
       "      <td>26</td>\n",
       "      <td>0.80</td>\n",
       "      <td>0.60</td>\n",
       "    </tr>\n",
       "    <tr>\n",
       "      <th>4441</th>\n",
       "      <td>2019-20</td>\n",
       "      <td>Regular%20Season</td>\n",
       "      <td>201588</td>\n",
       "      <td>173</td>\n",
       "      <td>George Hill</td>\n",
       "      <td>1610612749</td>\n",
       "      <td>MIL</td>\n",
       "      <td>59</td>\n",
       "      <td>1271</td>\n",
       "      <td>194</td>\n",
       "      <td>376</td>\n",
       "      <td>0.516</td>\n",
       "      <td>81</td>\n",
       "      <td>176</td>\n",
       "      <td>0.460</td>\n",
       "      <td>85</td>\n",
       "      <td>101</td>\n",
       "      <td>0.842</td>\n",
       "      <td>50</td>\n",
       "      <td>127</td>\n",
       "      <td>177</td>\n",
       "      <td>180</td>\n",
       "      <td>47</td>\n",
       "      <td>5</td>\n",
       "      <td>57</td>\n",
       "      <td>84</td>\n",
       "      <td>554</td>\n",
       "      <td>708</td>\n",
       "      <td>3.16</td>\n",
       "      <td>0.82</td>\n",
       "    </tr>\n",
       "    <tr>\n",
       "      <th>4524</th>\n",
       "      <td>2019-20</td>\n",
       "      <td>Regular%20Season</td>\n",
       "      <td>1626192</td>\n",
       "      <td>255</td>\n",
       "      <td>Pat Connaughton</td>\n",
       "      <td>1610612749</td>\n",
       "      <td>MIL</td>\n",
       "      <td>67</td>\n",
       "      <td>1243</td>\n",
       "      <td>137</td>\n",
       "      <td>301</td>\n",
       "      <td>0.455</td>\n",
       "      <td>55</td>\n",
       "      <td>166</td>\n",
       "      <td>0.331</td>\n",
       "      <td>31</td>\n",
       "      <td>40</td>\n",
       "      <td>0.775</td>\n",
       "      <td>60</td>\n",
       "      <td>224</td>\n",
       "      <td>284</td>\n",
       "      <td>107</td>\n",
       "      <td>25</td>\n",
       "      <td>31</td>\n",
       "      <td>52</td>\n",
       "      <td>70</td>\n",
       "      <td>360</td>\n",
       "      <td>582</td>\n",
       "      <td>2.06</td>\n",
       "      <td>0.48</td>\n",
       "    </tr>\n",
       "  </tbody>\n",
       "</table>\n",
       "</div>"
      ],
      "text/plain": [
       "         Year       Season_type  PLAYER_ID  RANK           PLAYER     TEAM_ID  \\\n",
       "4062  2018-19          Playoffs     203468     6      CJ McCollum  1610612757   \n",
       "6842  2022-23  Regular%20Season     203939   227    Dwight Powell  1610612742   \n",
       "359   2013-14  Regular%20Season       2045   360    Hedo Turkoglu  1610612746   \n",
       "193   2013-14  Regular%20Season     202708   194      Norris Cole  1610612748   \n",
       "3082  2017-18  Regular%20Season    1628395   306      Jordan Bell  1610612744   \n",
       "1946  2015-16          Playoffs     202334    86         Ed Davis  1610612757   \n",
       "1735  2015-16  Regular%20Season    1626202   351        Joe Young  1610612754   \n",
       "2689  2016-17          Playoffs     203477   128    Isaiah Canaan  1610612741   \n",
       "4441  2019-20  Regular%20Season     201588   173      George Hill  1610612749   \n",
       "4524  2019-20  Regular%20Season    1626192   255  Pat Connaughton  1610612749   \n",
       "\n",
       "     TEAM  GP   MIN  FGM  FGA  FG_PCT  FG3M  FG3A  FG3_PCT  FTM  FTA  FT_PCT  \\\n",
       "4062  POR  16   635  154  350   0.440    46   117    0.393   41   56   0.732   \n",
       "6842  DAL  76  1458  197  269   0.732     0     5    0.000  112  168   0.667   \n",
       "359   LAC  38   392   42  109   0.385    22    50    0.440    9   18   0.500   \n",
       "193   MIA  82  2014  207  500   0.414    60   174    0.345   53   68   0.779   \n",
       "3082  GSW  57   809  116  185   0.627     0     4    0.000   30   44   0.682   \n",
       "1946  POR  11   205   21   40   0.525     0     2    0.000   19   33   0.576   \n",
       "1735  IND  41   384   62  169   0.367    10    46    0.217   20   25   0.800   \n",
       "2689  CHI   3    95   13   26   0.500     5    14    0.357    4    6   0.667   \n",
       "4441  MIL  59  1271  194  376   0.516    81   176    0.460   85  101   0.842   \n",
       "4524  MIL  67  1243  137  301   0.455    55   166    0.331   31   40   0.775   \n",
       "\n",
       "      OREB  DREB  REB  AST  STL  BLK  TOV   PF  PTS  EFF  AST_TOV  STL_TOV  \n",
       "4062    14    66   80   59   13   10   30   34  395  316     1.97     0.43  \n",
       "6842   149   165  314   69   48   26   65  209  506  770     1.06     0.74  \n",
       "359     11    78   89   33   19   10   16   50  115  174     2.06     1.19  \n",
       "193     17   143  160  248   77    5  127  156  527  582     1.95     0.61  \n",
       "3082    60   147  207  102   35   56   51   92  262  528     2.00     0.69  \n",
       "1946    26    49   75   14    2    7   10   33   61  116     1.40     0.20  \n",
       "1735     6    44   50   65   15    0   33   30  154  139     1.97     0.46  \n",
       "2689     0     4    4    4    3    0    5    6   35   26     0.80     0.60  \n",
       "4441    50   127  177  180   47    5   57   84  554  708     3.16     0.82  \n",
       "4524    60   224  284  107   25   31   52   70  360  582     2.06     0.48  "
      ]
     },
     "execution_count": 43,
     "metadata": {},
     "output_type": "execute_result"
    }
   ],
   "source": [
    "data.sample(10)"
   ]
  },
  {
   "cell_type": "code",
   "execution_count": 44,
   "metadata": {},
   "outputs": [
    {
     "data": {
      "text/plain": [
       "(8158, 30)"
      ]
     },
     "execution_count": 44,
     "metadata": {},
     "output_type": "execute_result"
    }
   ],
   "source": [
    "data.shape"
   ]
  },
  {
   "cell_type": "code",
   "execution_count": 45,
   "metadata": {},
   "outputs": [
    {
     "data": {
      "text/plain": [
       "Year           0\n",
       "Season_type    0\n",
       "PLAYER_ID      0\n",
       "RANK           0\n",
       "PLAYER         0\n",
       "TEAM_ID        0\n",
       "TEAM           0\n",
       "GP             0\n",
       "MIN            0\n",
       "FGM            0\n",
       "FGA            0\n",
       "FG_PCT         0\n",
       "FG3M           0\n",
       "FG3A           0\n",
       "FG3_PCT        0\n",
       "FTM            0\n",
       "FTA            0\n",
       "FT_PCT         0\n",
       "OREB           0\n",
       "DREB           0\n",
       "REB            0\n",
       "AST            0\n",
       "STL            0\n",
       "BLK            0\n",
       "TOV            0\n",
       "PF             0\n",
       "PTS            0\n",
       "EFF            0\n",
       "AST_TOV        0\n",
       "STL_TOV        0\n",
       "dtype: int64"
      ]
     },
     "execution_count": 45,
     "metadata": {},
     "output_type": "execute_result"
    }
   ],
   "source": [
    "data.isna().sum()"
   ]
  },
  {
   "cell_type": "code",
   "execution_count": 46,
   "metadata": {},
   "outputs": [],
   "source": [
    "data.drop(columns=['RANK','EFF'], inplace=True)"
   ]
  },
  {
   "cell_type": "code",
   "execution_count": 47,
   "metadata": {},
   "outputs": [],
   "source": [
    "data['season_start_year'] = data['Year'].str[:4].astype(int)"
   ]
  },
  {
   "cell_type": "code",
   "execution_count": 48,
   "metadata": {},
   "outputs": [
    {
     "data": {
      "text/plain": [
       "array(['OKC', 'NYK', 'MIA', 'MIN', 'LAC', 'GSW', 'HOU', 'TOR', 'IND',\n",
       "       'DAL', 'POR', 'SAC', 'CHA', 'WAS', 'PHX', 'CLE', 'PHI', 'NOP',\n",
       "       'BOS', 'MEM', 'ORL', 'ATL', 'MIL', 'DET', 'UTA', 'BKN', 'LAL',\n",
       "       'SAS', 'DEN', 'CHI'], dtype=object)"
      ]
     },
     "execution_count": 48,
     "metadata": {},
     "output_type": "execute_result"
    }
   ],
   "source": [
    "data.TEAM.unique()"
   ]
  },
  {
   "cell_type": "code",
   "execution_count": 49,
   "metadata": {},
   "outputs": [],
   "source": [
    "data['Season_type'].replace('Regular%20Season','Regular_season', inplace = True)"
   ]
  },
  {
   "cell_type": "code",
   "execution_count": 50,
   "metadata": {},
   "outputs": [],
   "source": [
    "rs_df = data[data['Season_type'] == 'Regular_season']\n",
    "playoffs_df = data[data['Season_type'] == 'Playoffs']"
   ]
  },
  {
   "cell_type": "code",
   "execution_count": 51,
   "metadata": {},
   "outputs": [
    {
     "data": {
      "text/plain": [
       "Index(['Year', 'Season_type', 'PLAYER_ID', 'PLAYER', 'TEAM_ID', 'TEAM', 'GP',\n",
       "       'MIN', 'FGM', 'FGA', 'FG_PCT', 'FG3M', 'FG3A', 'FG3_PCT', 'FTM', 'FTA',\n",
       "       'FT_PCT', 'OREB', 'DREB', 'REB', 'AST', 'STL', 'BLK', 'TOV', 'PF',\n",
       "       'PTS', 'AST_TOV', 'STL_TOV', 'season_start_year'],\n",
       "      dtype='object')"
      ]
     },
     "execution_count": 51,
     "metadata": {},
     "output_type": "execute_result"
    }
   ],
   "source": [
    "data.columns"
   ]
  },
  {
   "cell_type": "code",
   "execution_count": 52,
   "metadata": {},
   "outputs": [],
   "source": [
    "total_cols = ['MIN' ,'FGM', 'FGA', 'FG3M', 'FG3A', 'FTM', 'FTA', 'OREB', 'DREB',\n",
    "             'REB', 'AST', 'STL', 'BLK', 'TOV', 'PF', 'PTS']"
   ]
  },
  {
   "cell_type": "code",
   "execution_count": 57,
   "metadata": {},
   "outputs": [
    {
     "data": {
      "application/vnd.plotly.v1+json": {
       "config": {
        "plotlyServerURL": "https://plot.ly"
       },
       "data": [
        {
         "coloraxis": "coloraxis",
         "hovertemplate": "x: %{x}<br>y: %{y}<br>color: %{z}<extra></extra>",
         "name": "0",
         "type": "heatmap",
         "x": [
          "MIN",
          "FGM",
          "FGA",
          "FG3M",
          "FG3A",
          "FTM",
          "FTA",
          "OREB",
          "DREB",
          "REB",
          "AST",
          "STL",
          "BLK",
          "TOV",
          "PF",
          "PTS",
          "FG%",
          "3PT%",
          "FT%",
          "FG3A%",
          "PTS/FGA",
          "FG3M/FGM",
          "FTA/FGA%",
          "TRU%",
          "AST_TOV"
         ],
         "xaxis": "x",
         "y": [
          "MIN",
          "FGM",
          "FGA",
          "FG3M",
          "FG3A",
          "FTM",
          "FTA",
          "OREB",
          "DREB",
          "REB",
          "AST",
          "STL",
          "BLK",
          "TOV",
          "PF",
          "PTS",
          "FG%",
          "3PT%",
          "FT%",
          "FG3A%",
          "PTS/FGA",
          "FG3M/FGM",
          "FTA/FGA%",
          "TRU%",
          "AST_TOV"
         ],
         "yaxis": "y",
         "z": [
          [
           1,
           0.44112631651519163,
           0.3614570287783044,
           0.19347364493425162,
           0.11003652946345294,
           0.3490108907665505,
           0.2827158532631349,
           -0.12238044983259438,
           0.04874881522085957,
           -0.02011105924592893,
           0.24482148503915668,
           0.032176649429654536,
           -0.05401570343180702,
           0.14708549750277342,
           -0.37282739260821485,
           0.46822427076841394,
           0.2051423113852329,
           0.18595201034498815,
           0.2515449245116998,
           -0.02614268647747577,
           0.2731849935497619,
           0.00036355499703226614,
           0.03795718314303036,
           0.3314032772504005,
           0.05795899080131079
          ],
          [
           0.44112631651519163,
           1,
           0.871810128277474,
           0.19081142467691975,
           0.13615405597845195,
           0.6268345074237284,
           0.5902405925515204,
           0.07895353688876931,
           0.23624027652097737,
           0.19007881464842924,
           0.24231350314562786,
           -0.03158406334365703,
           0.07134637750798849,
           0.4158325537982414,
           -0.19178840500796626,
           0.9584633199276109,
           0.4026464804773743,
           0.12190423519035777,
           0.19885355993823534,
           -0.24652033082024707,
           0.3607614915171551,
           -0.2356358996705052,
           0.07674145767036313,
           0.41709076134428796,
           -0.10200475579520153
          ],
          [
           0.3614570287783044,
           0.871810128277474,
           1,
           0.4241689387103429,
           0.44390739865097134,
           0.5657713221843634,
           0.48554575730584376,
           -0.2164648437307637,
           -0.009909108248569786,
           -0.09917536315090981,
           0.3441058111497335,
           0.015630192627255932,
           -0.16880023795196553,
           0.4366583833469037,
           -0.3206529505004882,
           0.8979650516181862,
           -0.07251968839827012,
           0.1709929875069034,
           0.29608334194023533,
           0.0365169270429389,
           -0.022408284640076395,
           0.028628635987790692,
           -0.09884947937204705,
           0.031528768876494605,
           0.0014840217353494737
          ],
          [
           0.19347364493425162,
           0.19081142467691975,
           0.4241689387103429,
           1,
           0.9556516428705846,
           -0.0197533565913437,
           -0.1556680779223297,
           -0.6130346931082767,
           -0.39752498924754553,
           -0.5253038608181367,
           0.14932842822981762,
           -0.012000446497786059,
           -0.43340952298794955,
           -0.0680323454108907,
           -0.40611882431443697,
           0.3535812175095768,
           -0.37471802299033224,
           0.5788451181318508,
           0.39471326604563883,
           0.8320387423597817,
           -0.08665307179029344,
           0.8540550499050624,
           -0.3987979954647898,
           0.11876203859242213,
           0.20611070323402625
          ],
          [
           0.11003652946345294,
           0.13615405597845195,
           0.44390739865097134,
           0.9556516428705846,
           1,
           -0.037000231760930556,
           -0.17082208740760435,
           -0.6466323318230889,
           -0.4288837982126382,
           -0.5604263957413717,
           0.16488546248844888,
           0.008826905708992232,
           -0.459749548584401,
           -0.047780219177502775,
           -0.4014897566355059,
           0.29875874357027266,
           -0.5127073943849738,
           0.4536665380100038,
           0.3723168440235497,
           0.8747496835978704,
           -0.23993742661050405,
           0.8405179896654006,
           -0.4279175147567187,
           -0.06340834736405043,
           0.21650316941622333
          ],
          [
           0.3490108907665505,
           0.6268345074237284,
           0.5657713221843634,
           -0.0197533565913437,
           -0.037000231760930556,
           1,
           0.9555482376964957,
           0.09677535915832357,
           0.20731483570190104,
           0.17856720349737132,
           0.25330034968250087,
           0.022138044647630396,
           0.07414825597174253,
           0.4615379447979962,
           -0.08057446527327011,
           0.7493094621374966,
           0.2097905638746923,
           0.009224673174037003,
           0.27489721205073714,
           -0.3017028800005905,
           0.4879985154840693,
           -0.2947081531570631,
           0.6102812512794921,
           0.28328648090862596,
           -0.11547869787062642
          ],
          [
           0.2827158532631349,
           0.5902405925515204,
           0.48554575730584376,
           -0.1556680779223297,
           -0.17082208740760435,
           0.9555482376964957,
           1,
           0.2404885328999727,
           0.3057251605486002,
           0.3051665429902865,
           0.18330254547247213,
           0.021934243825072745,
           0.18145852701088028,
           0.46574202586917557,
           0.01894977106021804,
           0.6795446569506065,
           0.287932363426059,
           -0.08021560818630318,
           0.03383598484514758,
           -0.41994271352992113,
           0.5097103254096356,
           -0.4080508728769741,
           0.7191129815416901,
           0.2526584818984835,
           -0.18522795007252807
          ],
          [
           -0.12238044983259438,
           0.07895353688876931,
           -0.2164648437307637,
           -0.6130346931082767,
           -0.6466323318230889,
           0.09677535915832357,
           0.2404885328999727,
           1,
           0.6697888506075262,
           0.8710058631083951,
           -0.3685132549055935,
           -0.11171295563095973,
           0.6031626379516907,
           -0.003700487444958522,
           0.48969746968897654,
           -0.048443732999780706,
           0.5655069223895698,
           -0.40671153645320746,
           -0.3649319296236009,
           -0.6506193441723717,
           0.35614327799337553,
           -0.6178946299636146,
           0.39868753589688266,
           0.22503594285148118,
           -0.38621781335452593
          ],
          [
           0.04874881522085957,
           0.23624027652097737,
           -0.009909108248569786,
           -0.39752498924754553,
           -0.4288837982126382,
           0.20731483570190104,
           0.3057251605486002,
           0.6697888506075262,
           1,
           0.9481852909921569,
           -0.2158401818432562,
           -0.12838368429221886,
           0.5400949057155556,
           0.12977355361127316,
           0.3234483403459086,
           0.1466120413096493,
           0.48434308927599184,
           -0.2468075569389129,
           -0.23827477381494994,
           -0.4824570720607907,
           0.35025273052635486,
           -0.4628566676909532,
           0.32203418791562083,
           0.259513706383874,
           -0.3270052050698639
          ],
          [
           -0.02011105924592893,
           0.19007881464842924,
           -0.09917536315090981,
           -0.5253038608181367,
           -0.5604263957413717,
           0.17856720349737132,
           0.3051665429902865,
           0.8710058631083951,
           0.9481852909921569,
           1,
           -0.3004769226799684,
           -0.13273769962888757,
           0.6154042212315144,
           0.08427492660440482,
           0.4235220185331625,
           0.0762708481496227,
           0.5624069149664324,
           -0.3355646938441629,
           -0.3136303156392841,
           -0.5975764433201531,
           0.38411156976204186,
           -0.5706067773125956,
           0.3836457089002285,
           0.2679812673559037,
           -0.38116838894924787
          ],
          [
           0.24482148503915668,
           0.24231350314562786,
           0.3441058111497335,
           0.14932842822981762,
           0.16488546248844888,
           0.25330034968250087,
           0.18330254547247213,
           -0.3685132549055935,
           -0.2158401818432562,
           -0.3004769226799684,
           1,
           0.291925108349437,
           -0.316010473391555,
           0.5728522306959629,
           -0.3014340198360894,
           0.2848363617761652,
           -0.1503814733499419,
           0.1046957318352809,
           0.19234215781442474,
           0.03832317416723894,
           -0.09013463285308133,
           0.02227508679713872,
           -0.05131238070121027,
           -0.084803323388732,
           0.5798908633803291
          ],
          [
           0.032176649429654536,
           -0.03158406334365703,
           0.015630192627255932,
           -0.012000446497786059,
           0.008826905708992232,
           0.022138044647630396,
           0.021934243825072745,
           -0.11171295563095973,
           -0.12838368429221886,
           -0.13273769962888757,
           0.291925108349437,
           1,
           -0.06810818563251306,
           0.16548169623783007,
           -0.011398826071851149,
           -0.01921021316429014,
           -0.10052053634459354,
           -0.00559719400416557,
           -0.021850045396728343,
           0.012716858010183138,
           -0.09412166339061764,
           -0.0006520341933913932,
           -0.01603421090458987,
           -0.10588687938700374,
           0.18703573445171687
          ],
          [
           -0.05401570343180702,
           0.07134637750798849,
           -0.16880023795196553,
           -0.43340952298794955,
           -0.459749548584401,
           0.07414825597174253,
           0.18145852701088028,
           0.6031626379516907,
           0.5400949057155556,
           0.6154042212315144,
           -0.316010473391555,
           -0.06810818563251306,
           1,
           -0.008736082686786068,
           0.42284423428890366,
           -0.021199977505085454,
           0.47209368711663896,
           -0.27350608492926487,
           -0.2899242139470177,
           -0.46597812941997707,
           0.31432066995175234,
           -0.4458337681648792,
           0.29823021961245016,
           0.22793144402841017,
           -0.3216982627768051
          ],
          [
           0.14708549750277342,
           0.4158325537982414,
           0.4366583833469037,
           -0.0680323454108907,
           -0.047780219177502775,
           0.4615379447979962,
           0.46574202586917557,
           -0.003700487444958522,
           0.12977355361127316,
           0.08427492660440482,
           0.5728522306959629,
           0.16548169623783007,
           -0.008736082686786068,
           1,
           0.05757292074309138,
           0.42544185510484284,
           0.04173580319332245,
           -0.06544169587505773,
           0.028221632358991017,
           -0.26281120203019503,
           0.05409779536167973,
           -0.27093223553110496,
           0.2022355394446859,
           -0.041134806135127586,
           -0.1768045094764709
          ],
          [
           -0.37282739260821485,
           -0.19178840500796626,
           -0.3206529505004882,
           -0.40611882431443697,
           -0.4014897566355059,
           -0.08057446527327011,
           0.01894977106021804,
           0.48969746968897654,
           0.3234483403459086,
           0.4235220185331625,
           -0.3014340198360894,
           -0.011398826071851149,
           0.42284423428890366,
           0.05757292074309138,
           1,
           -0.25335305857886165,
           0.21292671110756892,
           -0.28347504809763596,
           -0.28657322496465143,
           -0.33415356230161053,
           0.11044192377138948,
           -0.32856905424478977,
           0.24664810497356945,
           0.000052747746488957245,
           -0.3413074860624229
          ],
          [
           0.46822427076841394,
           0.9584633199276109,
           0.8979650516181862,
           0.3535812175095768,
           0.29875874357027266,
           0.7493094621374966,
           0.6795446569506065,
           -0.048443732999780706,
           0.1466120413096493,
           0.0762708481496227,
           0.2848363617761652,
           -0.01921021316429014,
           -0.021199977505085454,
           0.42544185510484284,
           -0.25335305857886165,
           1,
           0.2740892895674535,
           0.2151147463228617,
           0.3139674313587687,
           -0.08646941330695208,
           0.3888701760656446,
           -0.07160317084775383,
           0.14856579913307308,
           0.4148228637420925,
           -0.06335693207624338
          ],
          [
           0.2051423113852329,
           0.4026464804773743,
           -0.07251968839827012,
           -0.37471802299033224,
           -0.5127073943849738,
           0.2097905638746923,
           0.287932363426059,
           0.5655069223895698,
           0.48434308927599184,
           0.5624069149664324,
           -0.1503814733499419,
           -0.10052053634459354,
           0.47209368711663896,
           0.04173580319332245,
           0.21292671110756892,
           0.2740892895674535,
           1,
           -0.07653401830980398,
           -0.16295669151589462,
           -0.5842827330242455,
           0.8093912636702162,
           -0.5442513650571861,
           0.3523618798233074,
           0.8224086365686892,
           -0.23014506602571771
          ],
          [
           0.18595201034498815,
           0.12190423519035777,
           0.1709929875069034,
           0.5788451181318508,
           0.4536665380100038,
           0.009224673174037003,
           -0.08021560818630318,
           -0.40671153645320746,
           -0.2468075569389129,
           -0.3355646938441629,
           0.1046957318352809,
           -0.00559719400416557,
           -0.27350608492926487,
           -0.06544169587505773,
           -0.28347504809763596,
           0.2151147463228617,
           -0.07653401830980398,
           1,
           0.2840211443925071,
           0.4453053516058726,
           0.139317800658375,
           0.5167486019597729,
           -0.23054631596995895,
           0.28004130452073417,
           0.1436662263613185
          ],
          [
           0.2515449245116998,
           0.19885355993823534,
           0.29608334194023533,
           0.39471326604563883,
           0.3723168440235497,
           0.27489721205073714,
           0.03383598484514758,
           -0.3649319296236009,
           -0.23827477381494994,
           -0.3136303156392841,
           0.19234215781442474,
           -0.021850045396728343,
           -0.2899242139470177,
           0.028221632358991017,
           -0.28657322496465143,
           0.3139674313587687,
           -0.16295669151589462,
           0.2840211443925071,
           1,
           0.30296670585441904,
           0.08431880507664789,
           0.3074667284197143,
           -0.15888892694191467,
           0.2003470008617249,
           0.168029078067204
          ],
          [
           -0.02614268647747577,
           -0.24652033082024707,
           0.0365169270429389,
           0.8320387423597817,
           0.8747496835978704,
           -0.3017028800005905,
           -0.41994271352992113,
           -0.6506193441723717,
           -0.4824570720607907,
           -0.5975764433201531,
           0.03832317416723894,
           0.012716858010183138,
           -0.46597812941997707,
           -0.26281120203019503,
           -0.33415356230161053,
           -0.08646941330695208,
           -0.5842827330242455,
           0.4453053516058726,
           0.30296670585441904,
           1,
           -0.30518559136812196,
           0.9610267096219447,
           -0.4895870463527695,
           -0.1125755110108642,
           0.2739025442515003
          ],
          [
           0.2731849935497619,
           0.3607614915171551,
           -0.022408284640076395,
           -0.08665307179029344,
           -0.23993742661050405,
           0.4879985154840693,
           0.5097103254096356,
           0.35614327799337553,
           0.35025273052635486,
           0.38411156976204186,
           -0.09013463285308133,
           -0.09412166339061764,
           0.31432066995175234,
           0.05409779536167973,
           0.11044192377138948,
           0.3888701760656446,
           0.8093912636702162,
           0.139317800658375,
           0.08431880507664789,
           -0.30518559136812196,
           1,
           -0.25132824227186934,
           0.6424521984876973,
           0.8986653717202027,
           -0.17305070545624623
          ],
          [
           0.00036355499703226614,
           -0.2356358996705052,
           0.028628635987790692,
           0.8540550499050624,
           0.8405179896654006,
           -0.2947081531570631,
           -0.4080508728769741,
           -0.6178946299636146,
           -0.4628566676909532,
           -0.5706067773125956,
           0.02227508679713872,
           -0.0006520341933913932,
           -0.4458337681648792,
           -0.27093223553110496,
           -0.32856905424478977,
           -0.07160317084775383,
           -0.5442513650571861,
           0.5167486019597729,
           0.3074667284197143,
           0.9610267096219447,
           -0.25132824227186934,
           1,
           -0.46671666701989006,
           -0.05735402930413797,
           0.26197146986824643
          ],
          [
           0.03795718314303036,
           0.07674145767036313,
           -0.09884947937204705,
           -0.3987979954647898,
           -0.4279175147567187,
           0.6102812512794921,
           0.7191129815416901,
           0.39868753589688266,
           0.32203418791562083,
           0.3836457089002285,
           -0.05131238070121027,
           -0.01603421090458987,
           0.29823021961245016,
           0.2022355394446859,
           0.24664810497356945,
           0.14856579913307308,
           0.3523618798233074,
           -0.23054631596995895,
           -0.15888892694191467,
           -0.4895870463527695,
           0.6424521984876973,
           -0.46671666701989006,
           1,
           0.24822732214072868,
           -0.22302818320769052
          ],
          [
           0.3314032772504005,
           0.41709076134428796,
           0.031528768876494605,
           0.11876203859242213,
           -0.06340834736405043,
           0.28328648090862596,
           0.2526584818984835,
           0.22503594285148118,
           0.259513706383874,
           0.2679812673559037,
           -0.084803323388732,
           -0.10588687938700374,
           0.22793144402841017,
           -0.041134806135127586,
           0.000052747746488957245,
